Size: 4096 by 4096
Time: 109.766321206 seconds
8390656.0 8390656.0 8390656.0 8390656.0 8390656.0 8390656.0 8390656.0 8390656.0 8390656.0 8390656.0 

Size: 6144 by 6144
Time: 386.922982456 seconds
1.887744E7 1.887744E7 1.887744E7 1.887744E7 1.887744E7 1.887744E7 1.887744E7 1.887744E7 1.887744E7 1.887744E7 

Size: 8192 by 8192
